5.007779374283648721e+00 3.639484258296137398e+01
1.425303442419763655e+01 1.086342776516738269e+02
3.417264418080232531e+02 1.723800598177917323e+02
-3.172976851513674035e+01 -7.940161279713897180e+00
3.046705759438643781e+02 -2.721177577926943059e+02
-1.917748079209710284e+02 -4.743415264569175349e+01
7.680172617059028539e+01 1.028979469497074746e+02
-3.380178291129421382e+02 -1.060001796215087353e+02
2.211468100580333669e+02 1.935689251753721152e+01
1.358827689691002547e+02 -1.813414818700134106e+02
2.677257441164402962e+02 6.607115978171277604e+00
5.487281038975181247e+01 7.993194277301816442e+01
8.406857484584467954e+01 6.368209194664270711e+01
2.523128355762437636e+01 -8.609636009941580070e+00
-2.748614491121703054e+02 -1.606808827979370164e+02
9.725992257953126341e+01 2.479910464760028432e+01
1.183405545865238793e+02 2.035649416870798802e+02
1.274479134897210031e+02 -2.100602819135096944e+00
-2.848046826768223809e+02 -4.717160488466083379e-01
-4.066661232441110485e+01 1.622847609206003128e+01
-5.369961775203426413e+01 -7.497525169338821627e+01
2.733205943805699789e+01 -7.895391650495389513e+01
2.417656486883406046e+02 2.438201522406879747e+02
3.625910227899786342e+00 7.133169541979755479e+01
-6.223867037006551328e+01 -3.887217100747467402e+00
-9.706290294448990608e+01 7.262873679981804287e+01
-1.488370722005191453e+02 8.764263502465669831e+01
-1.575802970748827647e+02 3.494049220768129516e+01
3.810602646920472125e+01 -4.976385917009891102e+01
-2.234348732587146458e+01 -5.951469083830841100e+01
-4.549201865533207751e+02 -2.397896360785953220e+02
-8.895873104545995602e+01 -1.538893462750956509e+01
1.085830376661425447e+02 -6.343303400633250533e+01
5.530393223878931508e+01 -7.231810394989288682e+01
2.137294510926690805e+01 -5.277134085778814097e+02
8.806878187415848913e+01 -2.971913657847590784e+01
6.838013873107330198e+01 1.159952706865094996e+01
4.467375885675792802e+01 5.052492639544526654e+00
4.378387438385267671e+00 -3.809564313150605130e+01
2.900149067590426455e+01 -1.066951883804396601e+02
-8.626916879908360158e+01 3.806252294955081794e+01
-3.682633017286695321e+01 -9.855006060209558427e+01
2.629749563228360643e+01 8.375451088118242637e+01
-5.007698160453489322e+01 -1.648061941420995709e+02
-6.955012544731994240e+01 8.523522258519270167e+01
-4.594994670815027149e+01 -5.244670702933777306e+01
-4.080868394125544114e+02 6.630258165404217152e+01
-1.604022829492171098e+01 4.608800966351861916e+01
4.532822983414667419e+02 3.395977501912068419e+02
-7.922520494303024918e+01 -9.058170245638613949e+01
1.277301295310708440e+02 -2.856005579354809356e+02
-6.109745357025074242e+01 -2.125562024988279575e+02
-3.533350281410532148e+02 3.295071403281790481e+02
2.112616202267489918e+00 -1.308779622749181470e+01
-2.101336077663953574e+02 3.451860776377102411e+02
-9.936467926527875250e+01 -5.667967735122958572e+01
4.561264122423690281e+01 5.016863351407507565e+01
-4.261828371376002877e+01 3.902754146468008400e+01
-1.008304825287923308e+02 3.427368069563376025e+02
-4.579958243393328843e+01 6.822227426745763523e+01
5.977303242343906220e+01 5.780134842167316265e+02
7.771446726390164095e+00 1.349423928809174811e+01
4.163598797455577483e+01 -2.461706189213499130e+01
8.615905047471881062e+01 -9.398332915213958927e+01
-1.826815645809667643e+01 -1.590197052578307080e+02
1.416488295558852712e+02 3.902237018376799682e+01
-3.513861266497829039e+00 -7.941671930453655648e+01
3.328994420864464701e+02 -3.428541320584860728e+02
-5.186573645372752850e+01 -2.953396282367358694e+01
1.147137475692999402e+02 4.901345316391500262e+01
-2.171278132021969398e+01 7.429125228670625347e+01
7.552307661576854514e+01 -5.305377608849494919e+01
1.205915094598582300e+02 -3.208595249003249705e+01
-6.708591480225921089e+01 5.527310985517760855e+01
-6.830895353343592546e+01 1.171052101778071233e+02
-1.159925102465082745e+02 4.463313304740935195e+01
2.343995743508958185e+02 -2.319914499564708166e+01
-6.503571827620827150e+01 2.046329671474287792e+01
6.419831324583296350e+01 -1.711578038526290868e+01
1.995563969783961156e+01 5.567627513062392097e+01
2.602370408416377927e+02 3.335556703538136389e+02
-9.480793937276098404e+01 1.309170304389211381e+01
-2.194881771661507486e+01 -3.043007402006345430e+01
-1.274352909197772306e+02 1.775029611947863373e+02
-1.661328058241751293e+01 1.398966401214766719e+01
-3.511367098535856002e+01 1.430685162075814958e+02
-3.754349269636330177e+02 -3.187702460761583438e+02
-3.558009514279486325e+02 -2.631009392085791205e+02
-4.172167426339980523e+01 9.914946599665653082e+01
-1.248929436580225598e+02 -3.014775316499172675e+01
3.410924688887693179e+01 2.860354042998327984e+01
-1.162163087435687743e+02 -1.035304390240905370e+00
9.067774637860391351e+01 -3.785838851707746358e+02
9.086798892044386378e+01 -2.756431489451948824e+00
-8.661482379520383290e+01 -1.427241540969378377e+02
-5.918302839522225689e+00 -1.069084447919692877e+02
-7.663875599749883349e+01 -4.059989728089062311e+01
1.283167308847703758e+01 -5.737535086027097719e+01
6.831441109784873333e+01 3.735315283030833911e+01
-1.417272757867309529e+01 1.025017756626753282e+02
